15186710
15186720
15186836
15186873
15186526
15186850
15186853
15186874
15186899
15186945
15186904
15186951
15186783
15186837
15186811
15186832
15186501
15186773
15186854
15186751
15186709
15186504
15186687
15186722
15186731
15186806
15186798
15186490
15186878
15186859
15186856
15186879
15186957
15186905
15186906
15186963
15186840
15186499
15186800
15186827
15186502
15186769
15186770
15186740
15186858
15186672
15186520
15186713
15186829
15186821
15186864
15186861
15186744
15186732
15186908
15186907
15186972
15186973
15186891
15186887
15186771
15186537
15186803
15186841
15186822
15186828
15186624
15186676
15186696
15186717
15186747
15186734
12813000
12813012
12813014
12812998
12812989
12812995
12813001
12813020
12813013
12812992
12813004
12812997
12813019
12813018
12812999
12813011
12813009
12813010
12813006
12813007
12812990
12813002
12812993
12812991
12813016
12812994
12813017
12813015
12813008
12812996
12813003
12813005